Sort : 
43718
41201
39428
23692
19273
13507
45918
19205
43465
5828
17977
16229
23526
15730
7660
29084
25024
15561
36419
7461
11089
5803
2009
39494
7420
18069
24352
29475
12232
8627
1568
768
12501
6499
42443
35361
17030
30397
26178
39317
19675
19039
10942
38047
1307
40016
14288
46245
3560
49565
25707
18610
41298
5505
29409
38267
6175
37796
27096
41723
1039
5038
33070
17065
8877
8772
36707
6536
12925
23759
48959
24805
20971
17766
36496
4580
35198
42784
27754
5841
35859
35818
31755
26085
49524
41648
42809
4382
31892
23011
16258
34246
30110
38258
38319
37153
3095
21424
25135
7275
CPU Time¡G0.000000
Output Time¡G2021-04-27 02:19:23
